1724837811861 0.00018058119658119658 0
1724837820680 0.000362291976068376 1
1724837829542 0.0005403331555555555 2
1724837838327 0.0005394867999999999 3
1724837847104 0.0005339823999999999 4
1724837855876 0.000528478 5
1724837864489 0.0005229735999999999 6
1724837873257 0.0005174692 7
1724837881851 0.0005119648 8
1724837890474 0.0005064604 9
1724837899097 0.000500956 10
1724837907893 0.0004954515999999999 11
1724837916491 0.0004899472 12
1724837925239 0.00048444279999999997 13
1724837933871 0.00047893839999999996 14
1724837942695 0.000473434 15
1724837951289 0.0004679296 16
1724837959895 0.0004624252 17
1724837968628 0.00045692080000000004 18
1724837977364 0.00045141640000000003 19
1724837985963 0.00044591199999999997 20
1724837994732 0.00044040759999999996 21
1724838003491 0.00043490319999999995 22
1724838012082 0.00042939879999999995 23
1724838020690 0.00042389439999999994 24
1724838029444 0.00041838999999999993 25
1724838038028 0.0004128856 26
1724838046643 0.00040738119999999997 27
1724838055223 0.00040187679999999996 28
1724838063958 0.00039637239999999995 29
1724838072744 0.00039086799999999994 30
1724838081354 0.00038536359999999994 31
1724838089956 0.00037985919999999993 32
1724838098567 0.0003743547999999999 33
1724838107156 0.0003688503999999999 34
1724838115778 0.00036334599999999996 35
1724838124552 0.0003578416 36
1724838133179 0.0003523372 37
1724838141797 0.0003468328 38
1724838150402 0.0003413284 39
1724838159001 0.000335824 40
1724838167561 0.0003303196 41
1724838176155 0.0003248152 42
1724838184918 0.0003193108 43
1724838193529 0.0003138064 44
1724838202111 0.000308302 45
1724838210710 0.00030279760000000004 46
1724838219309 0.00029729320000000003 47
1724838227930 0.0002917888 48
1724838236658 0.0002862844 49
1724838245441 0.00028078 50
1724838254229 0.0002752756 51
1724838262825 0.00026977119999999994 52
1724838271587 0.0002642668 53
1724838280193 0.0002587624 54
1724838288971 0.00025325799999999997 55
1724838297570 0.00024775359999999996 56
1724838306173 0.0002422492 57
1724838314784 0.00023674480000000002 58
1724838323415 0.00023124040000000002 59
1724838332023 0.000225736 60
1724838340623 0.0002202316 61
1724838349246 0.00021472719999999997 62
1724838357861 0.0002092228 63
1724838366468 0.00020371839999999998 64
1724838375085 0.00019821399999999997 65
1724838383712 0.00019270959999999996 66
1724838392312 0.00018720519999999995 67
1724838400941 0.00018170079999999997 68
1724838409572 0.00017619640000000002 69
1724838418316 0.000170692 70
1724838426933 0.0001651876 71
1724838435541 0.0001596832 72
1724838444184 0.00015417880000000002 73
1724838452773 0.0001486744 74
1724838461367 0.00014317 75
1724838469954 0.0001376656 76
1724838478537 0.00013216119999999998 77
1724838487160 0.00012665679999999998 78
1724838495760 0.00012115239999999998 79
1724838504367 0.00011564799999999997 80
1724838512984 0.00011014359999999997 81
1724838521584 0.00010463920000000003 82
1724838530199 9.913480000000002e-05 83
1724838538808 9.363040000000002e-05 84
1724838547567 8.812600000000002e-05 85
1724838556190 8.26216e-05 86
1724838564829 7.71172e-05 87
1724838573580 7.161279999999999e-05 88
1724838582408 6.610839999999999e-05 89
1724838591553 6.060399999999998e-05 90
1724838600174 5.5099599999999976e-05 91
1724838608881 4.9595199999999975e-05 92
1724838617411 4.409079999999996e-05 93
1724838626115 3.858640000000002e-05 94
1724838634818 3.3082000000000026e-05 95
1724838643372 2.757760000000002e-05 96
1724838651910 2.2073200000000014e-05 97
1724838660460 1.656880000000001e-05 98
1724838668993 1.1064400000000004e-05 99
