1724837813070 0.63342 0
1724837822013 0.86321 1
1724837830851 0.9026 2
1724837839630 0.91642 3
1724837848399 0.92696 4
1724837857008 0.92805 5
1724837865780 0.9404 6
1724837874389 0.93681 7
1724837882994 0.9369 8
1724837891609 0.93967 9
1724837900406 0.94335 10
1724837909025 0.93856 11
1724837917762 0.94519 12
1724837926382 0.94271 13
1724837935215 0.95015 14
1724837943821 0.94711 15
1724837952420 0.949 16
1724837961143 0.95142 17
1724837969885 0.95182 18
1724837978494 0.94673 19
1724837987253 0.95183 20
1724837996011 0.95613 21
1724838004598 0.95532 22
1724838013215 0.955 23
1724838021951 0.95841 24
1724838030555 0.95687 25
1724838039160 0.95737 26
1724838047763 0.95445 27
1724838056489 0.95724 28
1724838065260 0.95952 29
1724838073870 0.95987 30
1724838082486 0.95872 31
1724838091077 0.95747 32
1724838099679 0.95515 33
1724838108290 0.95629 34
1724838117066 0.96221 35
1724838125700 0.95932 36
1724838134296 0.95661 37
1724838142914 0.95938 38
1724838151531 0.95918 39
1724838160112 0.96069 40
1724838168675 0.95962 41
1724838177440 0.96223 42
1724838186054 0.96036 43
1724838194638 0.95991 44
1724838203245 0.96205 45
1724838211834 0.95979 46
1724838220466 0.95986 47
1724838229206 0.96235 48
1724838237956 0.96229 49
1724838246754 0.96449 50
1724838255363 0.96057 51
1724838264119 0.96578 52
1724838272698 0.96499 53
1724838281489 0.96843 54
1724838290097 0.96422 55
1724838298702 0.96599 56
1724838307306 0.96535 57
1724838315926 0.96659 58
1724838324544 0.96723 59
1724838333152 0.96469 60
1724838341757 0.96419 61
1724838350369 0.96356 62
1724838358977 0.9647 63
1724838367597 0.96386 64
1724838376228 0.96538 65
1724838384825 0.96741 66
1724838393434 0.96584 67
1724838402098 0.96522 68
1724838410843 0.96743 69
1724838419431 0.96618 70
1724838428073 0.96551 71
1724838436681 0.96702 72
1724838445285 0.96574 73
1724838453881 0.96604 74
1724838462494 0.96584 75
1724838471065 0.9668 76
1724838479671 0.96566 77
1724838488288 0.96716 78
1724838496885 0.96566 79
1724838505505 0.96469 80
1724838514103 0.96599 81
1724838522714 0.96605 82
1724838531342 0.96671 83
1724838540102 0.96851 84
1724838548698 0.96793 85
1724838557336 0.9672 86
1724838566114 0.96826 87
1724838574882 0.96845 88
1724838583528 0.96675 89
1724838592696 0.96714 90
1724838601464 0.96932 91
1724838610004 0.96868 92
1724838618700 0.96887 93
1724838627399 0.97084 94
1724838635945 0.96883 95
1724838644499 0.9686 96
1724838653038 0.96923 97
1724838661572 0.96922 98
1724838670111 0.96887 99
1724838674053 0.9708841547534846 99
