1724837813070 0.65114 0
1724837822013 0.87722 1
1724837830851 0.92275 2
1724837839630 0.94023 3
1724837848399 0.95127 4
1724837857008 0.94633 5
1724837865780 0.96129 6
1724837874389 0.95836 7
1724837882994 0.96125 8
1724837891609 0.96008 9
1724837900406 0.96579 10
1724837909025 0.96111 11
1724837917762 0.96906 12
1724837926382 0.97111 13
1724837935215 0.97252 14
1724837943821 0.97354 15
1724837952420 0.97099 16
1724837961143 0.97337 17
1724837969885 0.97524 18
1724837978494 0.9761 19
1724837987253 0.97647 20
1724837996011 0.97919 21
1724838004598 0.97738 22
1724838013215 0.97728 23
1724838021951 0.97994 24
1724838030555 0.97921 25
1724838039160 0.97783 26
1724838047763 0.97684 27
1724838056489 0.98325 28
1724838065260 0.9833 29
1724838073870 0.97989 30
1724838082486 0.98315 31
1724838091077 0.98196 32
1724838099679 0.98118 33
1724838108290 0.98318 34
1724838117066 0.98379 35
1724838125700 0.98285 36
1724838134296 0.98377 37
1724838142914 0.98235 38
1724838151531 0.98242 39
1724838160112 0.98441 40
1724838168675 0.98473 41
1724838177440 0.98529 42
1724838186054 0.98518 43
1724838194638 0.9853 44
1724838203245 0.98524 45
1724838211834 0.98603 46
1724838220466 0.98665 47
1724838229206 0.98549 48
1724838237956 0.98616 49
1724838246754 0.98617 50
1724838255363 0.98735 51
1724838264119 0.98712 52
1724838272698 0.98664 53
1724838281489 0.98814 54
1724838290097 0.98656 55
1724838298702 0.9884 56
1724838307306 0.98793 57
1724838315926 0.9885 58
1724838324544 0.98832 59
1724838333152 0.98915 60
1724838341757 0.98799 61
1724838350369 0.98853 62
1724838358977 0.98794 63
1724838367597 0.98895 64
1724838376228 0.98839 65
1724838384825 0.98862 66
1724838393434 0.98906 67
1724838402098 0.98927 68
1724838410843 0.98958 69
1724838419431 0.98968 70
1724838428073 0.99022 71
1724838436681 0.98952 72
1724838445285 0.9893 73
1724838453881 0.9893 74
1724838462494 0.98877 75
1724838471065 0.98973 76
1724838479671 0.98933 77
1724838488288 0.98908 78
1724838496885 0.98833 79
1724838505505 0.98921 80
1724838514103 0.98983 81
1724838522714 0.99088 82
1724838531342 0.9896 83
1724838540102 0.98987 84
1724838548698 0.99008 85
1724838557336 0.99081 86
1724838566114 0.99034 87
1724838574882 0.99079 88
1724838583528 0.99049 89
1724838592696 0.99008 90
1724838601464 0.99011 91
1724838610004 0.99002 92
1724838618700 0.99067 93
1724838627399 0.99093 94
1724838635945 0.9908 95
1724838644499 0.99052 96
1724838653038 0.99081 97
1724838661572 0.99079 98
1724838670111 0.99077 99
1724838674053 0.9911244255424726 99
