1724837813070 0.68909 0
1724837822013 0.91854 1
1724837830851 0.96281 2
1724837839630 0.97344 3
1724837848399 0.98374 4
1724837857008 0.97863 5
1724837865780 0.98872 6
1724837874389 0.98647 7
1724837882994 0.98719 8
1724837891609 0.98695 9
1724837900406 0.98898 10
1724837909025 0.98574 11
1724837917762 0.99064 12
1724837926382 0.99111 13
1724837935215 0.99046 14
1724837943821 0.9916 15
1724837952420 0.98961 16
1724837961143 0.99071 17
1724837969885 0.99326 18
1724837978494 0.9909 19
1724837987253 0.99152 20
1724837996011 0.99316 21
1724838004598 0.99204 22
1724838013215 0.99428 23
1724838021951 0.99458 24
1724838030555 0.99459 25
1724838039160 0.99444 26
1724838047763 0.99259 27
1724838056489 0.99483 28
1724838065260 0.99401 29
1724838073870 0.99488 30
1724838082486 0.99473 31
1724838091077 0.9945 32
1724838099679 0.99299 33
1724838108290 0.99439 34
1724838117066 0.99455 35
1724838125700 0.99473 36
1724838134296 0.9947 37
1724838142914 0.99484 38
1724838151531 0.99473 39
1724838160112 0.9944 40
1724838168675 0.99414 41
1724838177440 0.99428 42
1724838186054 0.99312 43
1724838194638 0.9937 44
1724838203245 0.99475 45
1724838211834 0.99443 46
1724838220466 0.99442 47
1724838229206 0.99451 48
1724838237956 0.99421 49
1724838246754 0.99409 50
1724838255363 0.99455 51
1724838264119 0.99472 52
1724838272698 0.99425 53
1724838281489 0.9945 54
1724838290097 0.99365 55
1724838298702 0.99401 56
1724838307306 0.99432 57
1724838315926 0.99477 58
1724838324544 0.99475 59
1724838333152 0.99492 60
1724838341757 0.99487 61
1724838350369 0.995 62
1724838358977 0.99443 63
1724838367597 0.99453 64
1724838376228 0.99457 65
1724838384825 0.99472 66
1724838393434 0.99482 67
1724838402098 0.99473 68
1724838410843 0.9949 69
1724838419431 0.99494 70
1724838428073 0.9949 71
1724838436681 0.99489 72
1724838445285 0.99487 73
1724838453881 0.99483 74
1724838462494 0.99478 75
1724838471065 0.99466 76
1724838479671 0.99483 77
1724838488288 0.99459 78
1724838496885 0.9946 79
1724838505505 0.99482 80
1724838514103 0.99482 81
1724838522714 0.99481 82
1724838531342 0.9948 83
1724838540102 0.99488 84
1724838548698 0.99491 85
1724838557336 0.99476 86
1724838566114 0.99479 87
1724838574882 0.99471 88
1724838583528 0.99479 89
1724838592696 0.99482 90
1724838601464 0.99481 91
1724838610004 0.99484 92
1724838618700 0.99487 93
1724838627399 0.99488 94
1724838635945 0.9949 95
1724838644499 0.99487 96
1724838653038 0.99487 97
1724838661572 0.99487 98
1724838670111 0.99487 99
1724838674053 0.9948821081830789 99
