1724837813070 0.68625 0
1724837822013 0.85593 1
1724837830851 0.92513 2
1724837839630 0.93986 3
1724837848399 0.9501 4
1724837857008 0.95208 5
1724837865780 0.97566 6
1724837874389 0.9718 7
1724837882994 0.98503 8
1724837891609 0.9697 9
1724837900406 0.96407 10
1724837909025 0.96943 11
1724837917762 0.97275 12
1724837926382 0.97785 13
1724837935215 0.97756 14
1724837943821 0.97927 15
1724837952420 0.9684 16
1724837961143 0.96857 17
1724837969885 0.98545 18
1724837978494 0.98054 19
1724837987253 0.98435 20
1724837996011 0.98224 21
1724838004598 0.98903 22
1724838013215 0.98875 23
1724838021951 0.98589 24
1724838030555 0.98849 25
1724838039160 0.99005 26
1724838047763 0.98488 27
1724838056489 0.99301 28
1724838065260 0.99138 29
1724838073870 0.98363 30
1724838082486 0.9827 31
1724838091077 0.98358 32
1724838099679 0.96953 33
1724838108290 0.98849 34
1724838117066 0.98561 35
1724838125700 0.99113 36
1724838134296 0.99187 37
1724838142914 0.99293 38
1724838151531 0.99297 39
1724838160112 0.99151 40
1724838168675 0.99182 41
1724838177440 0.99388 42
1724838186054 0.98714 43
1724838194638 0.99028 44
1724838203245 0.99356 45
1724838211834 0.9916 46
1724838220466 0.98989 47
1724838229206 0.97937 48
1724838237956 0.98356 49
1724838246754 0.99222 50
1724838255363 0.99075 51
1724838264119 0.99019 52
1724838272698 0.98771 53
1724838281489 0.99274 54
1724838290097 0.98095 55
1724838298702 0.98972 56
1724838307306 0.98614 57
1724838315926 0.99287 58
1724838324544 0.99457 59
1724838333152 0.99625 60
1724838341757 0.9928 61
1724838350369 0.99556 62
1724838358977 0.99374 63
1724838367597 0.99229 64
1724838376228 0.98997 65
1724838384825 0.99268 66
1724838393434 0.99604 67
1724838402098 0.98666 68
1724838410843 0.99567 69
1724838419431 0.99691 70
1724838428073 0.9936 71
1724838436681 0.99435 72
1724838445285 0.99554 73
1724838453881 0.99511 74
1724838462494 0.99412 75
1724838471065 0.99386 76
1724838479671 0.99723 77
1724838488288 0.9943 78
1724838496885 0.99535 79
1724838505505 0.99501 80
1724838514103 0.99333 81
1724838522714 0.99397 82
1724838531342 0.99391 83
1724838540102 0.99543 84
1724838548698 0.99493 85
1724838557336 0.99441 86
1724838566114 0.99498 87
1724838574882 0.9954 88
1724838583528 0.99552 89
1724838592696 0.99553 90
1724838601464 0.99551 91
1724838610004 0.99611 92
1724838618700 0.99558 93
1724838627399 0.99538 94
1724838635945 0.99539 95
1724838644499 0.99556 96
1724838653038 0.99541 97
1724838661572 0.99551 98
1724838670111 0.99567 99
1724838674053 0.9953818343407773 99
