1724837811861 0.49151 0
1724837820680 0.33783 1
1724837829542 0.31573 2
1724837838327 0.30716 3
1724837847104 0.30507 4
1724837855876 0.29802 5
1724837864489 0.28925 6
1724837873257 0.29351 7
1724837881851 0.28102 8
1724837890474 0.28049 9
1724837899097 0.27751 10
1724837907893 0.27371 11
1724837916491 0.26768 12
1724837925239 0.26147 13
1724837933871 0.26047 14
1724837942695 0.25385 15
1724837951289 0.2553 16
1724837959895 0.25052 17
1724837968628 0.25116 18
1724837977364 0.25259 19
1724837985963 0.24831 20
1724837994732 0.24532 21
1724838003491 0.24364 22
1724838012082 0.24394 23
1724838020690 0.24329 24
1724838029444 0.24123 25
1724838038028 0.23934 26
1724838046643 0.23645 27
1724838055223 0.2339 28
1724838063958 0.23117 29
1724838072744 0.22921 30
1724838081354 0.23022 31
1724838089956 0.22915 32
1724838098567 0.22629 33
1724838107156 0.22088 34
1724838115778 0.22211 35
1724838124552 0.22601 36
1724838133179 0.21843 37
1724838141797 0.22264 38
1724838150402 0.2171 39
1724838159001 0.22045 40
1724838167561 0.21669 41
1724838176155 0.21726 42
1724838184918 0.21698 43
1724838193529 0.21578 44
1724838202111 0.21168 45
1724838210710 0.21442 46
1724838219309 0.20986 47
1724838227930 0.21352 48
1724838236658 0.20694 49
1724838245441 0.2056 50
1724838254229 0.2022 51
1724838262825 0.20025 52
1724838271587 0.19964 53
1724838280193 0.20017 54
1724838288971 0.20198 55
1724838297570 0.19574 56
1724838306173 0.19388 57
1724838314784 0.19629 58
1724838323415 0.19881 59
1724838332023 0.19819 60
1724838340623 0.18945 61
1724838349246 0.19179 62
1724838357861 0.19815 63
1724838366468 0.18988 64
1724838375085 0.18487 65
1724838383712 0.18248 66
1724838392312 0.18453 67
1724838400941 0.18786 68
1724838409572 0.18638 69
1724838418316 0.18591 70
1724838426933 0.18228 71
1724838435541 0.18509 72
1724838444184 0.18439 73
1724838452773 0.18193 74
1724838461367 0.18179 75
1724838469954 0.18165 76
1724838478537 0.17752 77
1724838487160 0.17812 78
1724838495760 0.17494 79
1724838504367 0.17652 80
1724838512984 0.17569 81
1724838521584 0.17107 82
1724838530199 0.17345 83
1724838538808 0.17424 84
1724838547567 0.16576 85
1724838556190 0.17234 86
1724838564829 0.17021 87
1724838573580 0.16933 88
1724838582408 0.16456 89
1724838591553 0.12331 90
1724838600174 0.11796 91
1724838608881 0.11413 92
1724838617411 0.11474 93
1724838626115 0.11062 94
1724838634818 0.10994 95
1724838643372 0.10885 96
1724838651910 0.11201 97
1724838660460 0.10813 98
1724838668993 0.10789 99
