1724837811861 2.75075 0
1724837820680 0.84304 1
1724837829542 0.57449 2
1724837838327 0.49156 3
1724837847104 0.45054 4
1724837855876 0.40315 5
1724837864489 0.38009 6
1724837873257 0.37607 7
1724837881851 0.3612 8
1724837890474 0.33526 9
1724837899097 0.32196 10
1724837907893 0.32552 11
1724837916491 0.32081 12
1724837925239 0.30592 13
1724837933871 0.29659 14
1724837942695 0.28217 15
1724837951289 0.28567 16
1724837959895 0.27908 17
1724837968628 0.27327 18
1724837977364 0.27129 19
1724837985963 0.27477 20
1724837994732 0.28265 21
1724838003491 0.2683 22
1724838012082 0.26634 23
1724838020690 0.25316 24
1724838029444 0.25701 25
1724838038028 0.25823 26
1724838046643 0.25199 27
1724838055223 0.24408 28
1724838063958 0.24648 29
1724838072744 0.24042 30
1724838081354 0.2401 31
1724838089956 0.23602 32
1724838098567 0.2296 33
1724838107156 0.23081 34
1724838115778 0.23128 35
1724838124552 0.22454 36
1724838133179 0.22624 37
1724838141797 0.22574 38
1724838150402 0.21975 39
1724838159001 0.21937 40
1724838167561 0.21752 41
1724838176155 0.20805 42
1724838184918 0.21155 43
1724838193529 0.21381 44
1724838202111 0.20827 45
1724838210710 0.2121 46
1724838219309 0.20724 47
1724838227930 0.2074 48
1724838236658 0.20019 49
1724838245441 0.19816 50
1724838254229 0.19772 51
1724838262825 0.20033 52
1724838271587 0.1933 53
1724838280193 0.19149 54
1724838288971 0.19136 55
1724838297570 0.18295 56
1724838306173 0.18132 57
1724838314784 0.18069 58
1724838323415 0.18584 59
1724838332023 0.18599 60
1724838340623 0.17913 61
1724838349246 0.17975 62
1724838357861 0.18241 63
1724838366468 0.17811 64
1724838375085 0.17924 65
1724838383712 0.17318 66
1724838392312 0.17405 67
1724838400941 0.17418 68
1724838409572 0.17462 69
1724838418316 0.17127 70
1724838426933 0.16899 71
1724838435541 0.16891 72
1724838444184 0.17226 73
1724838452773 0.17187 74
1724838461367 0.16308 75
1724838469954 0.166 76
1724838478537 0.16145 77
1724838487160 0.15875 78
1724838495760 0.16039 79
1724838504367 0.15588 80
1724838512984 0.15791 81
1724838521584 0.15611 82
1724838530199 0.15087 83
1724838538808 0.15128 84
1724838547567 0.14904 85
1724838556190 0.1542 86
1724838564829 0.14771 87
1724838573580 0.14776 88
1724838582408 0.14293 89
1724838591553 0.10684 90
1724838600174 0.10362 91
1724838608881 0.10081 92
1724838617411 0.10211 93
1724838626115 0.09939 94
1724838634818 0.09754 95
1724838643372 0.09781 96
1724838651910 0.09922 97
1724838660460 0.09749 98
1724838668993 0.09631 99
