1724837811861 0.96226 0
1724837820680 0.87229 1
1724837829542 0.86097 2
1724837838327 0.85738 3
1724837847104 0.85377 4
1724837855876 0.84942 5
1724837864489 0.84627 6
1724837873257 0.85234 7
1724837881851 0.8532 8
1724837890474 0.8438 9
1724837899097 0.84002 10
1724837907893 0.84704 11
1724837916491 0.83903 12
1724837925239 0.83972 13
1724837933871 0.8351 14
1724837942695 0.83519 15
1724837951289 0.83882 16
1724837959895 0.83245 17
1724837968628 0.8326 18
1724837977364 0.8375 19
1724837985963 0.83132 20
1724837994732 0.83606 21
1724838003491 0.83064 22
1724838012082 0.83401 23
1724838020690 0.83283 24
1724838029444 0.83208 25
1724838038028 0.83369 26
1724838046643 0.83335 27
1724838055223 0.8301 28
1724838063958 0.83423 29
1724838072744 0.83019 30
1724838081354 0.82899 31
1724838089956 0.83296 32
1724838098567 0.82829 33
1724838107156 0.82446 34
1724838115778 0.8278 35
1724838124552 0.82802 36
1724838133179 0.82643 37
1724838141797 0.82482 38
1724838150402 0.82542 39
1724838159001 0.82983 40
1724838167561 0.82368 41
1724838176155 0.82487 42
1724838184918 0.82619 43
1724838193529 0.82365 44
1724838202111 0.82074 45
1724838210710 0.82322 46
1724838219309 0.82263 47
1724838227930 0.8192 48
1724838236658 0.82402 49
1724838245441 0.81917 50
1724838254229 0.8215 51
1724838262825 0.82087 52
1724838271587 0.81822 53
1724838280193 0.82113 54
1724838288971 0.82054 55
1724838297570 0.81798 56
1724838306173 0.81869 57
1724838314784 0.8158 58
1724838323415 0.81877 59
1724838332023 0.81786 60
1724838340623 0.81672 61
1724838349246 0.82009 62
1724838357861 0.82136 63
1724838366468 0.82224 64
1724838375085 0.81652 65
1724838383712 0.81273 66
1724838392312 0.81688 67
1724838400941 0.81707 68
1724838409572 0.81817 69
1724838418316 0.81579 70
1724838426933 0.81859 71
1724838435541 0.81584 72
1724838444184 0.81847 73
1724838452773 0.81764 74
1724838461367 0.81669 75
1724838469954 0.81528 76
1724838478537 0.81639 77
1724838487160 0.81571 78
1724838495760 0.81746 79
1724838504367 0.81243 80
1724838512984 0.81468 81
1724838521584 0.81452 82
1724838530199 0.81319 83
1724838538808 0.81863 84
1724838547567 0.81333 85
1724838556190 0.81517 86
1724838564829 0.81394 87
1724838573580 0.81633 88
1724838582408 0.81243 89
1724838591553 0.78133 90
1724838600174 0.78433 91
1724838608881 0.7822 92
1724838617411 0.77951 93
1724838626115 0.7769 94
1724838634818 0.77712 95
1724838643372 0.77705 96
1724838651910 0.77771 97
1724838660460 0.7775 98
1724838668993 0.7793 99
