1724837811861 1.11287 0
1724837820680 0.47516 1
1724837829542 0.43588 2
1724837838327 0.40975 3
1724837847104 0.39766 4
1724837855876 0.38345 5
1724837864489 0.36913 6
1724837873257 0.37362 7
1724837881851 0.36552 8
1724837890474 0.36576 9
1724837899097 0.34814 10
1724837907893 0.3583 11
1724837916491 0.35372 12
1724837925239 0.34793 13
1724837933871 0.34268 14
1724837942695 0.33203 15
1724837951289 0.33554 16
1724837959895 0.32781 17
1724837968628 0.32382 18
1724837977364 0.32466 19
1724837985963 0.32754 20
1724837994732 0.32215 21
1724838003491 0.31749 22
1724838012082 0.31265 23
1724838020690 0.3094 24
1724838029444 0.30928 25
1724838038028 0.31616 26
1724838046643 0.30645 27
1724838055223 0.30771 28
1724838063958 0.31194 29
1724838072744 0.30233 30
1724838081354 0.31216 31
1724838089956 0.31022 32
1724838098567 0.29632 33
1724838107156 0.2962 34
1724838115778 0.29928 35
1724838124552 0.30612 36
1724838133179 0.29305 37
1724838141797 0.29628 38
1724838150402 0.28452 39
1724838159001 0.29713 40
1724838167561 0.28743 41
1724838176155 0.28741 42
1724838184918 0.28337 43
1724838193529 0.28766 44
1724838202111 0.28281 45
1724838210710 0.29095 46
1724838219309 0.28254 47
1724838227930 0.28755 48
1724838236658 0.28319 49
1724838245441 0.2773 50
1724838254229 0.27357 51
1724838262825 0.26939 52
1724838271587 0.27897 53
1724838280193 0.27151 54
1724838288971 0.26984 55
1724838297570 0.27057 56
1724838306173 0.26495 57
1724838314784 0.26873 58
1724838323415 0.26834 59
1724838332023 0.26993 60
1724838340623 0.2605 61
1724838349246 0.26306 62
1724838357861 0.27053 63
1724838366468 0.25509 64
1724838375085 0.25787 65
1724838383712 0.24929 66
1724838392312 0.25986 67
1724838400941 0.25719 68
1724838409572 0.26103 69
1724838418316 0.25911 70
1724838426933 0.25141 71
1724838435541 0.25477 72
1724838444184 0.2541 73
1724838452773 0.26162 74
1724838461367 0.25469 75
1724838469954 0.2538 76
1724838478537 0.24891 77
1724838487160 0.24823 78
1724838495760 0.24764 79
1724838504367 0.2491 80
1724838512984 0.24959 81
1724838521584 0.24365 82
1724838530199 0.2421 83
1724838538808 0.2475 84
1724838547567 0.23546 85
1724838556190 0.24699 86
1724838564829 0.24072 87
1724838573580 0.24176 88
1724838582408 0.23801 89
1724838591553 0.20711 90
1724838600174 0.19984 91
1724838608881 0.19756 92
1724838617411 0.19505 93
1724838626115 0.19451 94
1724838634818 0.19394 95
1724838643372 0.19484 96
1724838651910 0.19892 97
1724838660460 0.19222 98
1724838668993 0.19432 99
